1077
1077
1077
1077
1077
5142
5142
5142
5142
5142
3595
3595
3595
3595
3595
3010
3010
3010
3010
3010
3364
3364
3364
3364
3364
3928
3928
3928
3928
3928
1402
1402
1402
1402
1402
289
289
289
289
289
1648
1648
1648
1648
1648
1161
1161
1161
1161
1161
1817
1817
1817
1817
1817
163
163
163
163
163
2074
2074
2074
2074
2074
4499
4499
4499
4499
4499
399
399
399
399
399
4279
4279
4279
4279
4279
5505
5505
5505
5505
5505
1121
1121
1121
1121
1121
1695
1695
1695
1695
1695
3373
3373
3373
3373
3373
5310
5310
5310
5310
5310
5734
5734
5734
5734
5734
2985
2985
2985
2985
2985
3419
3419
3419
3419
3419
5392
5392
5392
5392
5392
96
96
96
96
96
4451
4451
4451
4451
4451
5898
5898
5898
5898
5898
2438
2438
2438
2438
2438
3192
3192
3192
3192
3192
2855
2855
2855
2855
2855
120
120
120
120
120
2562
2562
2562
2562
2562
5203
5203
5203
5203
5203
136
136
136
136
136
1384
1384
1384
1384
1384
3058
3058
3058
3058
3058
4018
4018
4018
4018
4018
4029
4029
4029
4029
4029
470
470
470
470
470
5782
5782
5782
5782
5782
4454
4454
4454
4454
4454
716
716
716
716
716
2559
2559
2559
2559
2559
1699
1699
1699
1699
1699
3620
3620
3620
3620
3620
1997
1997
1997
1997
1997
2351
2351
2351
2351
2351
2817
2817
2817
2817
2817
2803
2803
2803
2803
2803
3696
3696
3696
3696
3696
3507
3507
3507
3507
3507
2704
2704
2704
2704
2704
1294
1294
1294
1294
1294
585
585
585
585
585
2833
2833
2833
2833
2833
4985
4985
4985
4985
4985
2533
2533
2533
2533
2533
2814
2814
2814
2814
2814
4071
4071
4071
4071
4071
2579
2579
2579
2579
2579
2954
2954
2954
2954
2954
4188
4188
4188
4188
4188
3923
3923
3923
3923
3923
1534
1534
1534
1534
1534
4217
4217
4217
4217
4217
1053
1053
1053
1053
1053
3096
3096
3096
3096
3096
2209
2209
2209
2209
2209
3395
3395
3395
3395
3395
4237
4237
4237
4237
4237
4140
4140
4140
4140
4140
1994
1994
1994
1994
1994
1502
1502
1502
1502
1502
3816
3816
3816
3816
3816
2907
2907
2907
2907
2907
1030
1030
1030
1030
1030
2933
2933
2933
2933
2933
3590
3590
3590
3590
3590
1678
1678
1678
1678
1678
5645
5645
5645
5645
5645
304
304
304
304
304
5089
5089
5089
5089
5089
1840
1840
1840
1840
1840
726
726
726
726
726
697
697
697
697
697
5654
5654
5654
5654
5654
121
121
121
121
121
3792
3792
3792
3792
3792
4447
4447
4447
4447
4447
3684
3684
3684
3684
3684
1979
1979
1979
1979
1979
463
463
463
463
463
2771
2771
2771
2771
2771
2047
2047
2047
2047
2047
328
328
328
328
328
1125
1125
1125
1125
1125
5192
5192
5192
5192
5192
3273
3273
3273
3273
3273
5198
5198
5198
5198
5198
736
736
736
736
736
1298
1298
1298
1298
1298
3951
3951
3951
3951
3951
3935
3935
3935
3935
3935
752
752
752
752
752
2142
2142
2142
2142
2142
5549
5549
5549
5549
5549
977
977
977
977
977
5665
5665
5665
5665
5665
1669
1669
1669
1669
1669
4527
4527
4527
4527
4527
5234
5234
5234
5234
5234
630
630
630
630
630
851
851
851
851
851
1230
1230
1230
1230
1230
62
62
62
62
62
1303
1303
1303
1303
1303
3789
3789
3789
3789
3789
3881
3881
3881
3881
3881
5567
5567
5567
5567
5567
5440
5440
5440
5440
5440
2681
2681
2681
2681
2681
2395
2395
2395
2395
2395
1546
1546
1546
1546
1546
3307
3307
3307
3307
3307
3617
3617
3617
3617
3617
4965
4965
4965
4965
4965
3927
3927
3927
3927
3927
2419
2419
2419
2419
2419
5872
5872
5872
5872
5872
14
14
14
14
14
5338
5338
5338
5338
5338
1873
1873
1873
1873
1873
3005
3005
3005
3005
3005
3200
3200
3200
3200
3200
2565
2565
2565
2565
2565
2520
2520
2520
2520
2520
3379
3379
3379
3379
3379
2491
2491
2491
2491
2491
166
166
166
166
166
100
100
100
100
100
3663
3663
3663
3663
3663
1211
1211
1211
1211
1211
5498
5498
5498
5498
5498
5223
5223
5223
5223
5223
4355
4355
4355
4355
4355
664
664
664
664
664
458
458
458
458
458
1488
1488
1488
1488
1488
4077
4077
4077
4077
4077
1618
1618
1618
1618
1618
1688
1688
1688
1688
1688
1370
1370
1370
1370
1370
2164
2164
2164
2164
2164
4209
4209
4209
4209
4209
2154
2154
2154
2154
2154
547
547
547
547
547
1597
1597
1597
1597
1597
4332
4332
4332
4332
4332
3921
3921
3921
3921
3921
2629
2629
2629
2629
2629
3853
3853
3853
3853
3853
1057
1057
1057
1057
1057
973
973
973
973
973
3815
3815
3815
3815
3815
3087
3087
3087
3087
3087
677
677
677
677
677
1443
1443
1443
1443
1443
4575
4575
4575
4575
4575
5165
5165
5165
5165
5165
965
965
965
965
965
2087
2087
2087
2087
2087
4835
4835
4835
4835
4835
1825
1825
1825
1825
1825
3664
3664
3664
3664
3664
3319
3319
3319
3319
3319
3239
3239
3239
3239
3239
5797
5797
5797
5797
5797
5878
5878
5878
5878
5878
5388
5388
5388
5388
5388
2891
2891
2891
2891
2891
3073
3073
3073
3073
3073
594
594
594
594
594
3636
3636
3636
3636
3636
884
884
884
884
884
4135
4135
4135
4135
4135
2957
2957
2957
2957
2957
1852
1852
1852
1852
1852
5487
5487
5487
5487
5487
3584
3584
3584
3584
3584
1036
1036
1036
1036
1036
3034
3034
3034
3034
3034
5784
5784
5784
5784
5784
3516
3516
3516
3516
3516
5846
5846
5846
5846
5846
655
655
655
655
655
608
608
608
608
608
759
759
759
759
759
769
769
769
769
769
5272
5272
5272
5272
5272
5111
5111
5111
5111
5111
301
301
301
301
301
3904
3904
3904
3904
3904
2112
2112
2112
2112
2112
4319
4319
4319
4319
4319
932
932
932
932
932
2199
2199
2199
2199
2199
961
961
961
961
961
3548
3548
3548
3548
3548
4934
4934
4934
4934
4934
5783
5783
5783
5783
5783
2038
2038
2038
2038
2038
2088
2088
2088
2088
2088
2077
2077
2077
2077
2077
3247
3247
3247
3247
3247
2584
2584
2584
2584
2584
5672
5672
5672
5672
5672
4453
4453
4453
4453
4453
92
92
92
92
92
4361
4361
4361
4361
4361
2292
2292
2292
2292
2292
3312
3312
3312
3312
3312
4387
4387
4387
4387
4387
5576
5576
5576
5576
5576
2446
2446
2446
2446
2446
2430
2430
2430
2430
2430
442
442
442
442
442
5268
5268
5268
5268
5268
4358
4358
4358
4358
4358
5928
5928
5928
5928
5928
1782
1782
1782
1782
1782
5397
5397
5397
5397
5397
3279
3279
3279
3279
3279
2203
2203
2203
2203
2203
1874
1874
1874
1874
1874
2416
2416
2416
2416
2416
5899
5899
5899
5899
5899
3843
3843
3843
3843
3843
3756
3756
3756
3756
3756
1694
1694
1694
1694
1694
5725
5725
5725
5725
5725
3810
3810
3810
3810
3810
5289
5289
5289
5289
5289
1032
1032
1032
1032
1032
540
540
540
540
540
5470
5470
5470
5470
5470
3424
3424
3424
3424
3424
97
97
97
97
97
3242
3242
3242
3242
3242
2365
2365
2365
2365
2365
3442
3442
3442
3442
3442
4909
4909
4909
4909
4909
3861
3861
3861
3861
3861
715
715
715
715
715
3716
3716
3716
3716
3716
2040
2040
2040
2040
2040
2261
2261
2261
2261
2261
924
924
924
924
924
1429
1429
1429
1429
1429
1378
1378
1378
1378
1378
1700
1700
1700
1700
1700
2530
2530
2530
2530
2530
733
733
733
733
733
3486
3486
3486
3486
3486
3692
3692
3692
3692
3692
4418
4418
4418
4418
4418
3867
3867
3867
3867
3867
1545
1545
1545
1545
1545
4008
4008
4008
4008
4008
4041
4041
4041
4041
4041
3439
3439
3439
3439
3439
749
749
749
749
749
628
628
628
628
628
3773
3773
3773
3773
3773
193
193
193
193
193
1498
1498
1498
1498
1498
4139
4139
4139
4139
4139
2139
2139
2139
2139
2139
5400
5400
5400
5400
5400
4514
4514
4514
4514
4514
385
385
385
385
385
277
277
277
277
277
2842
2842
2842
2842
2842
380
380
380
380
380
1525
1525
1525
1525
1525
2962
2962
2962
2962
2962
4786
4786
4786
4786
4786
3203
3203
3203
3203
3203
372
372
372
372
372
554
554
554
554
554
3846
3846
3846
3846
3846
5809
5809
5809
5809
5809
3908
3908
3908
3908
3908
1629
1629
1629
1629
1629
706
706
706
706
706
3422
3422
3422
3422
3422
2762
2762
2762
2762
2762
3021
3021
3021
3021
3021
3823
3823
3823
3823
3823
1625
1625
1625
1625
1625
3917
3917
3917
3917
3917
2651
2651
2651
2651
2651
1021
1021
1021
1021
1021
474
474
474
474
474
5696
5696
5696
5696
5696
2955
2955
2955
2955
2955
5825
5825
5825
5825
5825
3026
3026
3026
3026
3026
5122
5122
5122
5122
5122
4256
4256
4256
4256
4256
5921
5921
5921
5921
5921
460
460
460
460
460
2939
2939
2939
2939
2939
321
321
321
321
321
5232
5232
5232
5232
5232
2357
2357
2357
2357
2357
3666
3666
3666
3666
3666
2564
2564
2564
2564
2564
5819
5819
5819
5819
5819
433
433
433
433
433
3471
3471
3471
3471
3471
4232
4232
4232
4232
4232
5391
5391
5391
5391
5391
5265
5265
5265
5265
5265
1940
1940
1940
1940
1940
2410
2410
2410
2410
2410
2845
2845
2845
2845
2845
2196
2196
2196
2196
2196
2521
2521
2521
2521
2521
1475
1475
1475
1475
1475
891
891
891
891
891
4995
4995
4995
4995
4995
310
310
3559
3559
3559
5451
5451
5451
3762
3762
3762
3762
2337
2337
5121
5121
5121
2140
2140
3465
3465
798
798
798
2069
2069
2749
2749
2749
1357
1357
1775
1775
823
823
823
2773
2773
2194
3157
3157
3157
5326
5326
5326
4991
4991
1944
1944
3231
3231
5011
5011
5383
5383
59
59
2099
2099
2099
822
822
822
4820
4820
4820
5060
679
242
242
242
242
242
3491
3638
3638
1022
1022
5687
3858
3858
348
1308
1308
1308
5510
4987
4987
535
535
5335
5335
2572
2572
5209
5209
5209
1099
391
391
3378
3378
325
3165
2198
4195
1854
1854
1118
1118
1329
1329
4063
4063
5793
5511
5511
3802
3219
4507
3454
512
512
2056
1524
1524
90
90
1779
1779
1495
1495
5984
5937
4533
4533
4954
129
4211
3450
2527
2527
5884
5884
2764
511
511
3108
1403
1403
412
412
2631
2631
761
761
761
2373
2373
4472
4472
1955
1955
1955
5235
4862
5680
5680
4566
4566
4566
2507
2507
4016
4016
4264
1836
1836
1836
631
1722
1722
4603
4925
4434
355
4171
3821
3565
3565
2093
2335
298
4291
4291
993
993
5009
5009
2111
2111
1440
1440
5099
4179
4179
2441
5839
2575
4700
4700
74
74
551
916
916
5343
1346
4915
4915
1010
45
45
4372
4372
4677
723
5231
2114
2114
5896
5896
1293
717
717
5520
4470
1152
4565
4565
4196
4262
4262
30
5868
5868
2668
31
31
445
445
3671
1692
1692
1964
1964
647
647
4415
4415
4415
3384
3384
4693
4693
1696
4743
4743
2557
2557
2557
2350
3574
2177
2177
5609
2449
3562
3562
2208
2941
3632
1987
550
550
5281
5281
3699
3699
1255
3864
3864
2701
2701
4753
4753
4599
3230
3230
1747
788
5479
4889
657
657
4208
507
507
2974
2974
5885
4513
1509
1509
4344
4344
5040
363
5566
3464
3464
5386
3909
3909
3550
5922
5985
5985
5295
2307
5977
5977
5977
1949
4025
4025
1453
4073
3649
3649
5879
5941
2916
2916
5059
5059
4784
4784
1457
1457
3628
2556
1477
1477
2989
861
3674
4007
4007
1879
2231
480
740
740
901
1171
1171
4343
503
1446
1446
591
591
1567
3563
3563
5073
5237
5092
1089
5804
5804
2538
5458
5458
4747
2711
5435
5435
640
2235
2235
3115
2799
3149
3149
5622
3151
2227
2705
2705
270
270
5097
1862
5596
5596
536
536
2638
2638
671
3414
3414
719
719
3958
3958
1362
1362
1564
1564
5610
4977
4977
4239
4239
1080
1080
5318
4744
4744
4744
978
978
771
771
771
2719
2719
5387
5387
516
517
517
410
410
3207
3207
2096
2096
3286
4157
4157
4157
3804
3804
3925
3925
3925
3925
2274
2274
2274
2274
5045
5045
3266
3266
3266
758
758
4557
4557
2205
2205
2763
2763
5513
5513
525
525
4847
4847
5710
5710
2041
2041
2181
2181
2181
185
185
3473
3473
3473
1410
5741
5741
5741
2027
2027
2027
3956
3956
378
350
350
1819
4226
2452
2452
2452
1650
1650
3091
5360
5360
5360
1157
1157
2699
2699
2699
2106
2106
2106
908
908
908
2683
2683
4689
4689
5845
2036
2036
2774
2774
2724
2724
2724
2141
2141
1793
1793
68
68
5973
5973
686
686
4682
4682
785
785
1797
3545
3545
3545
448
1765
1765
3750
3750
3750
3195
3195
4917
4917
3301
3301
3301
5253
1072
1072
4110
5964
5964
4852
4852
4852
26
26
4732
4732
1834
1834
5141
5141
1137
1137
1478
1478
3427
4979
4979
4979
2358
2358
77
77
1807
1807
3661
3661
4958
4958
4810
4810
4810
4540
4540
5276
5276
4780
4780
4495
4495
3805
3805
5393
407
407
407
4893
4893
436
436
436
4764
4764
4764
4718
4718
3567
3567
3579
3579
3579
5709
4628
4628
4650
4650
2830
2830
501
501
5063
5063
5063
3993
718
718
1165
1165
3416
3416
694
1753
1753
1753
3293
3293
3293
2248
2248
2248
3524
3524
4335
4335
3998
3998
3998
3855
3855
3855
2800
2800
1114
1114
3831
3831
1060
1060
1601
1601
4553
4553
5831
5831
2067
5376
5376
2066
2066
2297
2297
2042
2042
182
3554
3554
4313
3339
3339
3232
3232
3735
3735
2777
2777
1587
1587
1587
1587
1312
1312
342
342
859
859
3978
1576
1576
4541
4541
3551
3551
4887
4887
449
449
4201
4201
4236
1763
1763
3023
3023
3610
3610
2913
2569
2569
1550
1550
1369
1759
1759
3940
3940
5007
5516
5516
1675
1675
4737
4737
1226
1226
1412
518
518
518
256
833
833
833
2549
5664
5664
3588
1730
1730
1730
3074
2643
2643
5582
5582
5582
3983
3983
643
643
643
5808
5808
4300
4300
1780
1563
1563
3566
3566
3566
3566
751
751
2346
2346
4870
4870
4202
4202
5851
5851
5851
5787
5787
5787
1702
1702
4901
4901
4901
3724
3724
1579
1579
5592
323
323
323
5707
5508
5508
2659
2659
2659
1237
642
642
3313
3313
3313
3358
3358
5464
5464
3822
3822
5242
5242
698
698
4382
4382
2348
2328
2328
1517
1517
2197
2197
2197
2197
2197
3430
4546
4546
5421
5241
5241
1677
1677
1677
672
672
221
221
2942
2942
1812
2585
4790
2475
2475
2632
5134
2118
2548
2548
2548
5890
5890
5655
5655
311
311
311
568
3267
3267
3267
4895
4895
5
5
4742
4742
4742
2238
2238
5048
5048
1632
1632
20
5703
5703
5158
5158
3268
3268
3227
3227
5580
5580
353
353
5972
37
2972
2972
2326
2326
2490
1059
1059
1059
5053
5053
5053
2889
2889
871
871
1723
3432
5849
5936
4736
5200
2253
5312
1068
3781
3781
1607
2884
2458
3875
5507
5931
1091
1318
3594
1583
1934
5692
600
5754
1990
753
605
4148
3397
2599
2128
4347
331
455
4465
5739
564
5900
5629
5629
1923
2182
844
4346
3210
2224
4913
3264
4910
5422
3972
1480
4474
4298
2409
3609
1655
42
650
1487
5716
2082
4522
4522
1317
2239
1795
2508
4094
4094
3304
5294
2119
3315
3212
1998
4485
4158
3014
1353
4571
2716
1641
2850
2961
5102
827
4407
3033
841
314
2903
1479
4296
78
2991
942
4631
5101
3390
1530
2593
1016
1016
4244
4244
1910
1518
5460
4128
4184
5115
3889
2482
144
2861
1783
5216
4740
926
1259
641
1082
975
713
1105
1790
4637
3494
3494
571
4867
1073
4368
5540
2439
1646
1172
3451
3910
4436
4246
4765
2310
2640
3499
2756
2756
2756
3538
3538
3538
5431
3693
862
1916
5789
676
3083
2807
4607
3003
3298
1663
424
5959
5959
3136
3136
4643
3752
2647
2647
2929
3225
1095
3452
4940
4771
3718
4505
3906
4671
1913
1992
2619
5962
1385
5497
4550
5476
2932
1097
5415
3352
1977
1686
814
5260
1820
5603
4414
112
3624
3477
556
2792
161
161
499
499
4812
5990
2169
1367
5031
5031
4908
1163
3443
2765
2188
5167
5167
133
2420
722
4886
1875
746
746
985
3817
1295
3931
156
669
3892
94
1377
1600
48
390
1855
2109
2849
2323
2875
2824
1766
3250
1061
2157
3685
5981
4165
546
510
510
2215
1717
4584
5817
3433
15
2509
2561
2561
4419
3068
4660
2230
2256
4192
1160
2573
1939
5674
3426
3097
5986
1071
384
2338
2995
5982
2257
1592
1592
1592
2558
4365
2580
4138
1568
1941
4542
3350
1133
3920
32
4581
4362
4339
1120
5132
1519
880
882
3374
3374
3944
5639
124
3071
3259
3259
4441
2893
4341
3523
4558
4310
5246
1435
5357
5988
2925
3412
3745
4076
1066
2206
2278
4858
5227
5394
5597
5597
2183
1599
2200
1422
3796
1209
1684
4233
5304
3564
4943
1481
5892
1651
3763
5767
1251
2886
2886
819
704
2868
464
1623
4946
553
898
2245
2563
1794
5436
2440
673
2787
5215
2216
2218
1363
3547
2973
3448
1116
5740
3730
51
563
703
5748
4172
3296
2254
2068
2210
5046
2782
3346
5474
4649
1366
1760
1760
1760
489
2620
4290
3646
502
2175
2770
2387
4433
2364
2105
5196
4665
2938
5657
5524
3299
983
4180
4180
3943
3238
5183
3047
3814
3261
5684
5684
2173
2173
5342
3905
5742
1069
1028
2064
5107
5236
4952
5666
60
5112
1411
2512
899
3541
27
4426
2325
3933
4918
4918
958
958
958
3535
19
19
275
834
1616
5935
361
398
656
782
1581
2204
0
4721
4386
3004
3506
142
4843
4843
4872
5683
5000
5848
3289
3289
4547
4469
4469
5533
3029
3029
4022
2676
5874
2976
5539
1527
923
5409
5166
1532
2010
2010
2010
731
653
1818
3657
4733
649
4953
5821
557
5770
1801
1104
3306
2552
447
842
89
5912
5912
5912
4204
1083
5313
773
1865
3478
910
4360
4285
960
2063
1196
1196
624
5262
1210
5923
2873
2873
295
295
295
295
295
4805
2008
5423
5873
4303
5906
2653
1372
1372
2656
1365
471
1427
431
3329
1857
1857
1857
3495
4213
3222
1034
3497
3497
3770
2152
3175
3175
4931
1709
3405
1065
3428
419
419
539
4570
4065
4450
5348
4801
2359
1996
493
141
187
750
1966
3324
4635
5951
5061
1630
4615
826
3258
5688
1507
1756
1355
2121
5033
2722
420
4869
4869
4349
799
5226
4748
5698
5698
755
999
999
999
3220
69
701
4778
3764
3764
322
5050
2298
230
3941
3941
2489
2489
2489
2489
2489
41
41
41
41
41
728
4612
5569
1736
1064
817
2217
4342
1432
5729
815
5615
2285
2499
2499
5746
2600
2161
2960
2811
5322
5322
870
4033
4793
435
1029
186
186
4444
1375
1375
2148
2247
1719
3597
3597
2345
3826
1449
1449
4544
2522
3542
3576
65
4032
4032
3015
5381
3709
4708
4708
1395
4424
4971
1302
3396
3396
4871
191
5711
5711
5553
4207
5731
5731
5946
1829
2352
1450
3403
3403
2031
5771
5624
928
392
4055
4242
5877
4052
151
49
1951
4763
5715
4
4554
197
2747
1577
3592
2213
4593
1328
5504
5078
2511
4509
4766
5557
2053
2053
4534
1968
3775
1741
3243
5690
3496
990
5581
4955
4955
3274
1242
5201
5174
175
175
4859
3205
3205
1784
2113
4701
5251
4928
3662
3366
3094
5999
50
50
2293
2912
3429
3629
238
3665
2896
2367
734
2820
2820
1624
1624
1624
1619
1619
1619
1619
1619
4377
4377
4377
4377
4377
3893
3633
3331
5840
2400
5509
3406
3425
4334
5955
763
5704
762
762
4214
2287
2296
988
702
3842
3038
3038
1755
5055
5291
125
125
125
2495
2495
2495
2729
2729
2655
2018
2018
4409
5842
4741
4741
5794
4009
2394
5454
4000
3530
7
2966
959
5735
2790
1221
5538
299
4625
4504
4687
280
4992
465
4829
389
3116
2168
843
843
2464
1046
1596
850
5380
5298
180
1240
840
3059
3081
675
1885
1792
5013
927
4001
1431
1442
2713
3095
964
2460
3399
5627
4126
1725
5571
1324
4311
5993
4267
110
2914
3747
4459
4459
4459
4394
5185
524
524
997
43
5280
5229
4306
1417
4502
2484
1802
5103
5700
5041
1325
2847
1521
4496
4959
2432
4788
3345
2130
223
223
542
1785
5430
1693
4960
2241
632
4271
5164
4658
3013
5148
3856
168
1128
611
300
1541
2145
3605
856
3060
3363
3167
5961
4844
5347
1608
5191
4080
1739
911
2745
1314
619
5681
3990
2815
2815
2080
5014
1253
1253
2383
1805
1832
3568
1185
1180
2519
72
296
4205
5359
4191
2303
5243
387
4452
2715
305
4068
232
104
5327
3700
4595
345
345
1953
4314
1602
3462
3462
3462
4333
4535
5786
5642
3241
581
1897
4914
2320
772
5927
5317
1038
1107
5213
3255
4004
2917
5621
246
4720
4720
5593
1720
4842
3171
259
4315
451
3002
4103
786
1247
1846
3385
3385
5940
1117
2568
4047
2874
5978
4216
3850
21
4710
2829
3244
5875
5129
2187
3120
5733
2623
3793
5184
2252
5145
5145
5774
2417
2417
5244
4876
3669
3669
5893
4626
138
1946
4261
3107
171
1962
4836
5631
201
2435
1636
5038
2492
3955
745
4215
2657
5427
3667
5834
2371
4545
5420
1359
10
10
3806
951
4003
4785
4879
4655
559
5535
2759
2956
2414
4695
3897
2472
1296
946
4274
3732
5737
5224
3719
1531
1633
3894
3275
5450
577
3759
4738
3044
4106
250
4324
4591
2524
4968
3032
3553
4800
3578
2946
2813
4559
4099
5153
5353
3438
3438
1511
1005
2481
5551
5551
2219
2977
533
1810
5378
1544
1438
864
1074
2501
3859
2259
119
4129
3294
194
1273
787
91
1193
5086
5953
779
2443
5336
1967
1306
3687
1758
5155
3139
376
212
3333
4245
5542
1638
2382
2717
2052
2466
269
2751
2202
5772
3089
4101
1058
1058
1474
4423
432
3970
5069
1947
3437
4758
4648
3930
4679
485
5560
4401
3257
5334
567
3111
3794
2926
1588
1803
1803
2649
1
1610
1610
3627
5833
1033
5605
3028
4506
949
3581
5162
243
243
1748
4109
3621
3020
3476
1343
1878
521
3626
258
1575
2856
5371
4944
4944
3368
1757
768
5311
4040
3481
1175
386
9
456
696
4562
2554
4124
338
5948
1062
4627
602
3912
5790
4477
1220
1492
3549
158
1928
1811
3090
4260
4712
4684
2146
4111
1706
1981
4136
5025
1103
1726
3376
1745
4813
4490
2399
2242
4957
4999
4999
5773
603
5139
4427
1444
143
5957
5942
5160
4745
5374
5279
3292
3292
2421
4719
1656
5796
2560
3997
5646
5346
1358
1859
1833
3191
2086
1143
3103
4326
5738
4012
576
3109
4548
5452
4638
1929
3130
316
3236
341
969
1921
1130
1159
3832
80
3271
5695
5695
369
369
369
4227
658
1330
4127
210
3743
4921
5590
2583
2998
85
2101
255
4402
4402
670
400
2614
254
3391
5466
3360
5530
3037
3140
2626
878
1942
4170
2102
5068
236
4292
5909
5377
3041
3670
3670
438
438
4832
5344
3503
382
4837
2687
3022
3170
3100
2791
302
2249
2249
164
3137
5319
729
729
729
36
5150
467
3056
1733
1733
1708
4760
5486
1276
4176
5601
5963
5732
5732
4024
406
352
352
2174
3318
3318
5127
1428
1428
4623
4662
87
4569
2662
4231
5278
2392
5138
5010
3098
4422
1179
1179
5745
189
2089
2089
209
320
1844
3616
1486
1486
2270
2270
5919
1580
1746
4675
2243
5337
5337
5337
5861
2299
5057
5583
2854
4611
3479
3865
4329
4329
4038
950
950
5402
711
211
5444
3655
3887
3186
3449
5064
4776
4750
5074
5403
4526
5812
2136
1721
3156
1266
140
377
1762
1381
5120
3950
3744
1462
795
5015
2279
1140
4543
3407
1536
5004
5149
3532
5917
147
824
71
5208
2678
5187
2033
902
2127
2127
5544
4254
2019
989
1828
5484
2286
980
2621
5023
1654
5979
2862
4269
4604
4838
5066
954
954
4284
3782
2116
1787
4471
4471
1051
651
912
2186
1737
5087
5882
1055
5635
3423
1500
5594
2664
2664
2664
2865
828
484
3828
1177
5163
1643
2264
5171
681
2370
5459
3317
4323
4323
2526
5910
633
2951
366
3061
5714
2493
1959
2378
3531
4598
4598
2963
2963
2963
3114
257
257
1909
22
3915
2603
84
4062
2380
3834
5285
1309
235
411
1639
3381
4238
4878
3431
3634
3458
2518
5843
225
4653
1397
5998
1858
4019
54
4661
4661
2368
4619
2555
5671
5483
3320
3262
4949
5913
3046
461
4186
1345
1742
252
895
807
2255
17
1740
1191
1191
3237
4002
3540
3746
1052
1464
4609
337
4463
3876
5356
3706
685
5719
5613
395
239
239
3870
1971
4352
4809
541
2072
838
838
1751
2091
2091
3630
1731
537
3336
5954
4375
409
5915
1002
2095
2846
2825
3880
2752
3223
1075
5321
5225
4723
4986
586
5492
5492
3326
2110
4667
3145
3145
3158
4141
5352
2009
3942
3252
2244
4982
597
401
4467
195
2615
5543
4647
5546
2661
3845
5976
5079
1333
2776
2776
1523
1674
241
1017
3501
1804
4564
4161
2546
388
3246
5472
4926
251
1986
4818
5956
3840
5330
5669
170
4388
4173
1409
531
2616
3731
3042
2070
1831
614
5876
2819
1919
2758
2867
3967
5205
425
3525
3525
4006
4006
4006
4646
3187
5489
5257
413
5247
732
2349
4088
4088
4337
5685
3183
1020
5640
2863
5744
5382
3936
1989
1989
5970
3280
598
4792
2144
102
1698
3349
2171
2606
3441
4096
2291
1892
1555
5932
2532
4828
4380
682
1192
2172
5647
16
16
3836
3803
2848
2324
4937
3194
2534
2534
2330
889
1252
3263
1451
5309
5449
2311
3053
2999
4057
4634
3739
3348
3123
5493
207
4248
4072
4645
1200
2529
5823
288
5759
2076
3937
2377
4902
2024
3715
3536
5517
4789
2132
2012
4430
930
494
494
5652
3487
3487
4431
4808
1845
1845
1701
2648
2648
5824
5824
710
5106
5106
5895
4079
5523
4863
4353
3079
2835
3511
3645
2982
4761
2158
791
4883
1667
5002
4336
4855
4787
981
5016
5016
5016
5016
4904
4092
5398
2959
5643
1839
4189
178
1932
4579
3075
3075
5181
1917
2888
2785
4932
4488
4050
1094
1169
1169
3270
1364
2744
5108
1186
867
543
2879
860
943
183
2843
5133
4249
913
5478
2755
2775
1689
1689
4752
4130
2515
2910
1414
3866
4816
5261
3482
5170
4374
3066
4049
1653
3147
1920
292
5287
1676
2858
2788
1628
1338
4924
364
3742
1267
5264
421
421
4051
4051
4051
4051
1617
1591
1911
872
3184
2191
2542
953
5599
1980
3488
2539
3160
5024
3603
2470
5263
1681
2536
742
3168
2451
3134
3134
625
173
687
4664
4806
5034
4696
2779
5070
4017
1067
1222
319
3155
1927
830
5503
5494
2728
4616
115
2769
3281
3281
3281
2553
1476
5525
4458
5190
3675
1421
1574
5863
2500
683
217
3144
148
4845
1631
4089
1938
4694
634
4320
5173
3387
2902
248
5500
1635
5065
3741
2301
2301
2301
2301
4821
774
56
56
56
5442
5442
5442
5501
2853
1194
1595
4713
2936
2936
2936
162
3101
2431
2431
5693
1881
2698
2698
1945
1799
1799
5230
4681
4681
4681
1871
1871
1290
1260
1260
1260
963
4589
3504
5587
5457
3589
3589
3063
2931
2931
4169
2832
2828
2317
2317
2016
4804
4873
4037
4037
4037
2097
2251
2193
1697
2055
4286
3924
3475
3411
5084
5084
3965
3965
1134
3498
379
5363
5363
4013
888
4892
4707
1902
5119
1649
4601
3388
4206
4206
2273
5239
3557
3557
1278
4257
623
905
4856
5791
2021
3402
1188
3726
3726
29
29
3749
2994
4975
1930
1930
1151
1151
5407
5407
5051
865
106
106
106
5339
794
5625
5625
3025
4328
5531
2283
4085
4085
3811
4714
2514
2514
2798
1216
1216
3926
3926
5552
4772
869
869
1594
1594
5682
5905
5905
2115
3795
5286
469
469
469
5282
5565
5565
5661
5661
3141
1288
1288
4824
5001
5001
1110
482
482
1084
2
1813
5082
5082
24
881
5003
5207
2581
3492
5081
735
2531
1287
3980
475
475
475
1249
2543
1943
1943
2366
2366
2742
2732
215
1158
5880
3959
4370
333
333
414
3604
645
4803
4803
754
2427
63
5469
5469
3436
5358
3382
240
1660
3235
4972
4972
1423
4086
2058
5146
5146
4273
1351
5757
5161
5161
662
662
220
3707
3962
5432
3929
2871
2059
473
473
3447
5916
3740
5072
2467
2467
3036
3254
2276
5369
3356
3356
2436
2436
1129
1129
1244
3016
3016
1261
1261
1261
4920
12
4026
4026
2816
2898
5090
5090
46
46
46
616
5308
3513
3513
2899
134
134
5577
5217
1408
3644
1490
1490
4989
5713
5644
4942
5137
3146
4160
4253
4149
1166
2473
2473
2473
639
1926
1926
801
4443
82
284
5743
5054
972
3303
219
5751
181
3753
3753
1037
1037
4095
3173
4969
879
879
709
3733
1354
4610
3797
3797
4880
4880
2035
114
575
3253
1738
1738
5519
4143
5918
5918
3206
3206
935
3152
1352
3466
3466
1682
2505
2505
2234
5258
5258
5258
4781
1190
1767
5467
5467
200
1800
2650
3947
3791
3791
4097
61
2541
2541
2541
1620
1620
3132
1356
5656
2447
2801
1136
1136
2207
4228
4228
680
680
5443
5443
477
3544
4125
1461
3325
2780
3558
5275
1399
1399
5028
3573
897
897
897
4265
1542
4067
3224
3991
2737
1948
5689
5252
5252
3248
3248
4703
1392
1392
1615
596
5306
4056
2641
3676
2126
3852
418
5844
4580
3070
4734
4090
1149
1149
4391
3055
3650
5835
5835
1331
1331
3526
589
589
2609
2322
2322
2098
5210
4251
1907
601
2517
35
3483
939
1272
4731
2305
2305
5548
3125
5047
2340
2340
481
2909
2909
3330
2268
4497
4497
1999
4614
4614
2778
370
4973
2721
2277
2783
4061
1808
5632
797
3459
3459
11
11
1657
1153
1292
1292
1870
1231
1000
1000
2445
3213
5887
1472
1472
2692
1484
566
5301
5301
4241
2682
2794
4224
4224
3583
3583
446
1406
1015
1888
613
1809
1809
1809
2195
2987
3751
3751
4112
2176
3841
4715
4501
2222
1184
3914
5453
3228
918
2700
2483
4084
4084
373
4728
4293
4145
934
5404
4891
1078
2289
4354
3163
3288
1954
3678
5800
354
776
5390
5390
2415
2160
5991
5991
3240
2085
2085
5202
3659
3659
3509
3509
4762
2000
108
108
3302
3528
1380
244
1494
4383
374
1614
4875
2502
2502
2502
427
427
2444
4993
4993
5410
5410
837
3883
1837
150
4123
4123
4416
4416
4981
4981
1207
1496
1496
1138
1138
1138
1138
832
1958
1958
5626
5626
3849
5604
1863
1863
1336
1336
2604
2604
4325
4325
4325
5266
5266
3717
5020
5881
5881
2135
2135
2971
3039
1515
1515
3932
3932
4042
4476
5349
1561
1561
4669
5705
2001
2001
4633
4633
4115
4115
3812
4997
2818
5396
5396
5532
2457
2457
434
344
344
40
40
2124
1468
5801
2078
3783
2904
2904
3392
3392
4587
4587
4587
5723
4404
4822
2390
3006
4178
2425
2645
3484
5471
2474
4692
2823
5104
5296
3035
976
1508
1627
1070
2870
5077
4432
3686
5361
466
4702
2772
367
5907
2381
2381
2381
3518
3518
886
886
2639
3126
4351
4351
1482
2839
2836
1894
3833
3833
5307
5307
5307
2385
2385
1430
4705
3948
3948
3142
1866
1001
1001
317
317
1155
3555
5995
5995
1341
2528
2528
5254
3128
4187
3054
3054
2943
4491
2456
5677
3229
3229
1012
5952
5952
1320
5473
5433
3050
307
307
2838
1593
5673
5673
4302
1081
1081
1081
3256
2983
2570
4280
4280
4817
1901
229
3365
1006
1006
3181
4023
2471
2471
5568
1884
1884
5675
1401
1401
1401
309
3708
1589
1589
957
213
5434
5434
5255
5175
5545
1398
1398
2094
3992
3992
2718
3519
1556
1556
1556
1683
1683
1683
1035
1035
4350
4350
4998
5832
5832
1504
1504
5541
5541
2488
504
504
3728
3338
3338
2363
5620
2789
2228
2228
2673
3124
929
929
929
4594
4594
3896
3896
578
2108
4811
4831
2810
2810
5614
1963
1963
1505
444
1361
113
4724
667
667
2260
2260
3080
4064
346
2162
5193
3514
3514
2894
2894
76
1204
1204
4735
231
231
3898
1975
2418
2418
2869
2869
57
57
3971
3401
3401
2992
5267
804
804
592
4317
4317
3984
3984
3984
313
3808
748
3580
3580
588
5345
5345
5199
4529
4131
4131
629
629
3640
5418
5418
4961
4121
4121
3585
1404
491
2143
2143
5005
486
1389
3148
3148
5820
5820
5820
2826
3587
4826
4691
4691
4691
1983
222
2180
4530
4369
4369
4369
3121
3121
5867
44
5096
2236
2236
2236
4882
2017
4464
3234
3954
3954
778
2726
2726
2726
2334
2334
2334
2334
2334
5929
4393
4393
3057
2840
4299
109
109
4642
111
747
747
4468
3600
3600
146
805
3985
3985
3985
4250
139
2540
5527
3214
3214
5125
3502
3961
3961
3961
5499
396
396
403
4521
3052
648
648
648
1540
1540
5550
699
2567
2567
58
58
1436
495
1045
1906
1906
780
780
5795
3311
3311
3311
1671
5776
4608
4608
5333
5333
5333
5416
2608
4034
1150
5558
2577
2577
2212
940
767
1086
2908
5428
4884
4884
3251
3251
2844
1228
1228
2822
5850
1572
2250
5822
2313
2313
5650
4711
5085
3226
1076
1340
4235
4235
4235
4235
5325
5325
1672
3290
1560
3862
423
2911
5702
5017
358
358
3703
3703
4905
1054
5717
5717
1339
1339
4102
1043
4865
2269
4183
1856
1856
3092
3946
2151
5379
5379
2636
5853
5853
1334
1334
1334
1334
1334
2221
2221
4498
4498
2020
2020
4116
4116
2590
2590
2314
3848
519
5980
5980
4726
4768
2304
2304
5426
5426
1195
1612
303
5044
5044
3758
3758
5888
5888
1764
1573
4104
291
291
4199
5365
921
514
1079
1079
803
803
4255
4255
800
2950
2950
5290
5168
5168
3771
2333
2588
2588
3361
3361
2622
2622
135
135
4288
2485
757
4366
3218
3575
3772
1489
1019
853
783
3569
3569
3569
764
764
770
770
3215
3215
4795
2005
2005
693
693
693
2712
2712
2753
2753
2658
5667
3723
3199
2860
2860
4657
4657
4657
5091
4850
526
1246
3143
3143
5315
5315
5419
4899
4899
3871
2695
2695
4234
4234
1611
1611
4482
4482
5058
5058
5591
5591
5591
23
3537
548
548
4796
528
5694
5694
1781
1781
1604
1604
4220
4220
4220
2877
1705
3386
3386
3386
3386
3677
3677
3677
790
790
948
4107
3602
2461
2461
560
560
3863
3863
3863
3863
5518
5518
5518
5518
3265
5633
5633
2654
3702
3702
3702
3702
5726
5726
2725
2725
2725
483
909
228
228
228
2642
2642
2642
955
2275
2275
1816
2155
2081
2081
3829
3829
4322
4322
1390
5943
3694
5579
1659
1286
1286
1286
5437
5437
1665
1347
1347
4686
4686
4686
1241
4229
4668
4668
4668
4668
5406
1426
155
155
155
4659
4659
3446
3446
4309
5052
5052
2423
1147
4484
2131
5588
1182
1886
2003
2003
4137
4568
4568
775
5299
5299
995
273
273
1713
2948
2948
2948
2686
4399
721
3011
2582
2582
2280
2280
5195
5195
5854
5854
5461
343
4938
1995
1995
5606
5606
1931
1931
5862
5862
3371
4632
4632
3854
3854
5806
5806
2354
2354
5228
5228
4030
2178
2178
1148
4613
5837
2707
430
340
3065
1335
3208
3208
2300
2300
2300
262
1891
1891
1235
1235
488
488
688
688
714
2953
738
738
2353
2353
5222
5030
5030
2011
2980
2980
383
3710
3710
2613
4327
4327
3606
3606
4636
4636
4636
1904
3031
3031
190
190
351
1323
4268
4268
2054
2389
2389
534
417
5399
2935
1499
5811
5811
5811
1319
1319
5949
3890
3890
1225
1225
3408
4774
1503
1952
1463
1463
1582
5375
5375
5933
5933
279
279
5293
5293
3989
5049
5049
5049
5049
394
394
4122
4153
4572
5856
2004
3174
3027
3027
1485
3963
4697
4697
4697
5563
1806
1806
4798
569
569
737
737
2685
1776
1776
5109
5109
5109
5109
5140
5140
4896
4896
4896
3102
3102
2406
2406
2332
4118
2918
2918
3118
573
2589
2589
4421
3308
2644
2644
4384
4384
5424
5424
4622
4622
2117
2523
3786
3786
5233
1877
508
2331
695
678
1122
3976
3976
3683
4962
4962
5989
622
4397
4397
4363
4363
4851
4851
1373
1373
83
4624
2677
5966
5966
5401
3113
3113
1173
218
5706
636
5670
2804
966
4230
105
1321
3435
3809
1467
2602
5465
4560
4455
1732
2812
1470
1470
766
2372
5562
1174
5638
1258
1258
4356
5753
3577
2290
1127
5765
831
3048
4425
4058
4630
3512
1096
3072
5630
5143
4717
4054
3639
2037
2360
813
4295
2617
4802
47
2795
153
4243
5536
4830
5067
1520
2691
4027
1202
1861
1102
2147
3907
2246
1154
5027
2225
1304
1304
3886
4283
5805
192
4428
1679
1569
3642
5595
5595
2048
3552
1456
852
4406
4036
123
3418
1640
5250
5869
3198
1270
2442
1814
3355
5564
3697
3697
3799
4676
2167
1734
4396
2201
2940
5891
5810
4936
4462
4945
5389
4641
2596
617
4978
4134
3043
172
2610
5395
2708
2267
1214
2784
4666
127
1815
1815
538
970
2997
4651
4059
5219
1199
1199
4600
216
3084
2166
1405
2189
2356
2356
4990
821
5456
5456
3668
5521
5521
5803
5803
5803
5958
4120
1912
1048
4181
3110
1510
3790
1538
4475
5506
3172
612
4834
4312
2978
784
2545
1537
3660
760
2057
3328
793
793
2740
5180
4197
4197
3204
1088
3561
2805
4874
118
513
5708
3001
2306
1215
196
1455
561
2625
2190
1993
459
1289
4252
922
3460
1796
1796
4028
3342
3342
2866
2866
4439
4439
2150
2670
2670
3164
3420
3820
2339
1265
1668
1872
1872
1217
4223
2710
635
3903
5152
365
917
555
2374
3934
4156
4156
4156
4200
4537
4537
4537
375
2044
3161
4897
1011
5172
944
2793
2693
3851
991
991
2336
689
1822
1039
4523
5495
2302
777
2885
3760
668
3877
64
1142
261
3517
3964
3169
5370
4930
5761
866
5816
1864
1864
393
1849
890
3515
2133
1982
3421
5967
5749
1382
1203
3838
3711
663
941
4044
2494
356
3343
3343
3343
1135
5284
5284
1009
3654
4947
1974
2434
4132
4746
5798
2045
2768
3807
5760
4730
938
2223
1565
2288
5036
684
5362
893
371
5763
4640
1383
4221
5026
2498
2007
4853
4210
590
3322
3878
4841
4225
1526
3599
2014
2550
2550
1553
204
1415
402
2652
4301
4060
408
5676
855
3377
3623
2727
1826
2448
962
1868
79
3131
2544
5691
1501
308
5841
4277
5303
274
2802
3272
3272
3272
4629
2170
5076
1562
324
492
1729
3949
5080
5080
3467
744
1144
5555
1413
1547
2391
1956
4321
720
169
4857
1420
2892
1113
829
1895
3456
5724
2344
3340
4460
4567
1887
3000
2628
3713
416
1277
3489
5128
4727
5779
422
2924
2924
2924
5188
4247
3982
184
3
3
4919
3176
4144
2165
2674
2463
3975
1050
982
3193
3285
1680
1407
5924
1791
3064
1337
2437
4435
2477
1285
1285
1285
3785
3785
3601
3601
2735
5274
1447
4994
4278
4266
2129
4395
3297
1257
4967
5218
3106
2015
874
2937
5206
1972
2347
1307
1307
3631
1013
1013
3673
1024
5144
5144
293
2030
5864
2709
4512
4512
1880
2743
5764
5098
2214
4699
4445
4445
903
903
1425
4410
4146
544
126
126
126
4155
4155
3463
3078
4996
1469
1883
4988
4833
4881
4881
2920
2920
4400
5616
5037
2901
2901
4777
1516
2952
4815
638
2412
858
5439
620
5368
5368
5926
2671
214
4519
5585
2928
1458
334
4316
497
5747
5598
5214
4014
3138
5752
1085
2618
3389
4087
2429
1111
3714
4142
626
5529
1245
1662
4769
863
4413
4754
4331
4364
3839
3608
3679
2831
5156
4563
5969
1310
996
947
5858
919
2258
75
5462
558
1514
2767
5248
4379
4379
792
1007
1419
441
1988
4185
4185
2050
2071
506
1283
994
1044
1044
3860
5699
1459
1685
4119
5039
5039
3919
1936
3647
3287
1176
3801
1434
5114
5211
3410
2576
1250
1827
5480
1914
312
5897
5897
3988
5904
157
4385
4385
4385
5663
5429
3952
1368
5997
98
3062
5584
3986
2827
2827
4618
3899
2192
5179
3698
1925
5728
1716
2837
2184
1850
1850
4866
1924
294
5324
1146
2149
1743
2883
5934
5934
1752
4517
4517
2386
2386
1497
5468
5829
5341
4098
1178
1178
3233
2996
3357
5778
1106
5574
2821
5245
2065
2065
3295
3295
3734
5658
1950
4035
574
5021
2465
2465
5859
3472
332
4219
4117
2905
3201
1900
1900
2504
1899
2684
4070
2341
2341
2597
5351
5136
3788
3788
4376
4500
931
1606
5792
4698
1232
2006
3017
2075
2075
2075
1522
2851
1598
659
1985
2329
5100
4929
4929
4318
1571
472
5826
318
3819
4275
1549
5600
1724
3900
2841
3117
4825
2611
1848
896
1187
847
5186
1371
1774
4466
4466
509
2964
2601
3367
665
3490
2734
4494
1647
836
4773
2690
2032
4794
705
4515
3689
4846
606
3656
2665
4259
4259
5602
1585
1025
2969
2969
3765
2294
1313
3727
1613
523
4481
3409
1198
3736
4941
1749
1842
4381
1622
5996
4782
1311
3188
2669
4531
4819
4819
3895
5035
708
1935
5721
3393
3393
3216
117
