336
336
336
336
336
167
167
167
167
167
858
858
858
858
858
373
373
373
373
373
816
816
816
816
816
241
241
241
241
241
994
994
994
994
994
126
126
126
126
126
299
299
299
299
299
50
50
50
50
50
843
843
843
843
843
261
261
261
261
261
465
465
465
465
465
11
11
11
11
11
860
860
860
860
860
41
41
41
41
41
767
767
767
767
767
980
980
980
980
980
839
839
839
839
839
78
78
78
78
78
3
3
3
3
3
618
618
618
618
618
316
316
316
316
316
904
904
904
904
904
881
881
881
881
881
321
321
321
321
321
133
133
133
133
133
573
573
573
573
573
835
835
835
835
835
688
688
688
688
688
185
185
185
185
185
400
400
400
400
400
885
885
885
885
885
795
795
795
795
795
959
959
959
959
959
810
810
810
810
810
558
558
558
558
558
415
415
415
415
415
49
49
49
49
49
756
756
756
756
756
227
227
227
227
227
539
539
539
539
539
855
855
855
855
855
987
987
987
987
987
64
64
64
64
64
234
234
234
234
234
511
511
511
511
511
173
173
173
173
173
27
27
27
27
27
209
209
209
209
209
592
592
592
592
592
350
350
350
350
350
551
551
551
551
551
125
125
125
125
125
285
285
285
285
285
61
61
61
61
61
202
202
202
202
202
711
711
711
711
711
320
320
320
320
320
500
500
500
500
500
871
871
871
871
871
638
638
638
638
638
459
459
459
459
459
360
360
360
360
360
494
494
494
494
494
931
931
931
931
931
867
867
867
867
867
60
60
60
60
60
626
626
626
626
626
862
862
862
862
862
278
278
278
278
278
169
169
169
169
169
206
206
206
206
206
935
935
935
935
935
491
491
491
491
491
105
105
105
105
105
662
662
662
662
662
564
564
564
564
564
448
448
448
448
448
535
535
535
535
535
579
579
579
579
579
435
435
435
435
435
260
260
260
260
260
854
854
854
854
854
228
228
228
228
228
524
524
524
524
524
495
495
495
495
495
882
882
882
882
882
117
117
117
117
117
693
693
693
693
693
798
798
798
798
798
307
307
307
307
307
171
171
171
171
171
408
408
408
408
408
439
439
439
439
439
389
389
389
389
389
230
230
230
230
230
915
915
915
915
915
113
113
113
113
113
377
377
377
377
377
172
172
172
172
172
434
434
434
434
434
627
627
627
627
627
599
599
599
599
599
924
924
924
924
924
255
255
255
255
255
640
640
640
640
640
383
383
383
383
383
714
714
714
714
714
156
156
156
156
156
493
493
493
493
493
135
135
135
135
135
553
553
553
553
553
272
272
272
272
272
79
79
79
79
79
941
941
941
941
941
888
888
888
888
888
934
934
934
934
934
463
463
463
463
463
504
504
504
504
504
198
198
198
198
198
220
220
220
220
220
629
629
629
629
629
378
378
378
378
378
496
496
496
496
496
727
727
727
727
727
249
249
249
249
249
680
680
680
680
680
331
331
331
331
331
703
703
703
703
703
432
432
432
432
432
212
212
212
212
212
590
590
590
590
590
844
844
844
844
844
445
445
445
445
445
673
673
673
673
673
186
186
186
186
186
484
484
484
484
484
507
507
507
507
507
747
747
747
747
747
357
357
357
357
357
985
985
985
985
985
567
567
567
567
567
793
793
793
793
793
955
955
955
955
955
589
589
589
589
589
783
783
783
783
783
853
853
853
853
853
333
333
333
333
333
950
950
950
950
950
413
413
413
413
413
889
889
889
889
889
661
661
661
661
661
639
639
639
639
639
611
611
611
611
611
517
517
517
517
517
437
437
437
437
437
761
761
761
761
761
23
23
23
23
23
917
917
917
917
917
353
353
353
353
353
890
890
890
890
890
246
246
246
246
246
19
19
19
19
19
421
421
421
421
421
787
787
787
787
787
207
207
207
207
207
692
692
692
692
692
765
765
765
765
765
107
107
107
107
107
310
310
310
310
310
937
937
937
937
937
235
235
235
235
235
772
772
772
772
772
826
826
826
826
826
851
851
851
851
851
101
101
101
101
101
471
471
471
471
471
821
821
821
821
821
195
195
195
195
195
759
759
759
759
759
188
188
188
188
188
472
472
472
472
472
832
832
832
832
832
780
780
780
780
780
362
362
362
362
362
789
789
789
789
789
733
733
733
733
733
36
36
36
36
36
824
824
824
824
824
166
166
166
166
166
707
707
707
707
707
628
628
628
628
628
348
348
348
348
348
565
565
565
565
565
440
440
440
440
440
29
29
29
29
29
585
585
585
585
585
394
394
394
394
394
326
326
326
326
326
944
944
944
944
944
6
6
6
6
6
354
354
354
354
354
963
963
963
963
963
247
247
247
247
247
145
145
145
145
145
992
992
992
992
992
368
368
368
368
368
541
541
541
541
541
818
818
818
818
818
37
37
37
37
37
547
547
547
547
547
700
700
700
700
700
91
91
91
91
91
817
817
817
817
817
531
531
531
531
531
252
252
252
252
252
710
710
710
710
710
122
122
122
122
122
375
375
375
375
375
520
520
520
520
520
349
349
349
349
349
160
160
160
160
160
990
990
990
990
990
679
679
679
679
679
370
370
370
370
370
986
986
986
986
986
30
30
30
30
30
4
4
4
4
4
71
71
71
71
71
54
54
54
54
54
116
116
116
116
116
956
956
956
956
956
290
290
290
290
290
648
648
648
648
648
14
14
14
14
14
74
74
74
74
74
916
916
916
916
916
562
562
562
562
562
118
118
118
118
118
942
942
942
942
942
233
233
233
233
233
845
845
845
845
845
900
900
900
900
900
129
129
129
129
129
401
401
401
401
401
684
684
684
684
684
311
311
311
311
311
449
449
449
449
449
527
527
527
527
527
301
301
301
301
301
347
347
347
347
347
837
837
837
837
837
797
797
797
797
797
989
989
989
989
989
746
746
746
746
746
722
722
722
722
722
428
428
428
428
428
586
586
586
586
586
26
26
26
26
26
874
874
874
874
874
654
654
654
654
654
404
404
404
404
404
925
925
925
925
925
625
625
625
625
625
526
526
526
526
526
665
665
665
665
665
822
822
822
822
822
223
223
223
223
223
566
566
566
566
566
800
800
800
800
800
315
315
315
315
315
518
518
518
518
518
277
277
277
277
277
16
16
16
16
16
328
328
328
328
328
17
17
17
17
17
345
345
345
345
345
715
715
715
715
715
481
481
481
481
481
914
914
914
914
914
170
170
170
170
170
376
376
376
376
376
436
436
436
436
436
568
568
568
568
568
718
718
718
718
718
266
266
266
266
266
483
483
483
483
483
657
657
657
657
657
142
142
142
142
142
545
545
545
545
545
933
933
933
933
933
43
43
43
43
43
138
138
138
138
138
190
190
190
190
190
782
782
782
782
782
7
7
7
7
7
297
297
297
297
297
521
521
521
521
521
887
887
887
887
887
334
334
334
334
334
294
294
294
294
294
155
155
155
155
155
443
443
443
443
443
157
157
157
157
157
476
476
476
476
476
258
258
258
258
258
596
596
596
596
596
943
943
943
943
943
442
442
442
442
442
926
926
926
926
926
957
957
957
957
957
796
796
796
796
796
791
791
791
791
791
696
696
696
696
696
280
280
280
280
280
878
878
878
878
878
59
59
59
59
59
286
286
286
286
286
492
492
492
492
492
462
462
462
462
462
998
998
998
998
998
95
95
95
95
95
737
737
737
737
737
396
396
396
396
396
841
841
841
841
841
829
829
829
829
829
467
467
467
467
467
40
40
40
40
40
237
237
237
237
237
506
506
506
506
506
630
630
630
630
630
5
5
5
5
5
911
911
911
911
911
758
758
758
758
758
751
751
751
751
751
849
849
849
849
849
603
603
603
603
603
341
341
341
341
341
819
819
819
819
819
268
268
268
268
268
634
634
634
634
634
1
1
1
1
1
128
128
128
128
128
317
317
317
317
317
93
93
93
93
93
742
742
742
742
742
424
424
424
424
424
879
879
879
879
879
322
322
322
322
322
45
45
45
45
45
954
954
954
954
954
548
548
548
548
548
676
676
676
676
676
208
208
208
208
208
85
85
85
85
85
411
411
411
411
411
379
379
379
379
379
134
134
134
134
134
18
18
18
18
18
728
728
728
728
728
81
81
81
81
81
865
865
865
865
865
369
369
369
369
369
33
33
33
33
33
552
552
552
552
552
891
891
891
891
891
52
52
52
52
52
189
189
189
189
189
438
438
438
438
438
512
512
512
512
512
361
361
361
361
361
226
226
226
226
226
279
279
279
279
279
686
686
686
686
686
162
162
162
162
162
777
777
777
777
777
799
799
799
799
799
8
8
8
8
8
872
872
872
872
872
75
75
75
75
75
414
414
414
414
414
958
958
958
958
958
214
214
214
214
214
846
846
846
846
846
762
762
762
762
762
786
786
786
786
786
633
633
633
633
633
21
21
21
21
21
154
154
154
154
154
12
12
12
12
12
984
984
984
984
984
219
219
219
219
219
813
813
813
813
813
614
614
614
614
614
806
806
806
806
806
303
303
303
303
303
534
534
534
534
534
148
148
148
148
148
181
181
181
181
181
717
717
717
717
717
764
764
764
764
764
371
371
371
371
371
397
397
397
397
397
205
205
205
205
205
584
584
584
584
584
55
55
55
55
55
410
410
410
410
410
636
636
636
636
636
936
936
936
936
936
870
870
870
870
870
776
776
776
776
776
966
966
966
966
966
651
651
651
651
651
912
912
912
912
912
131
131
131
131
131
182
182
182
182
182
561
561
561
561
561
141
141
141
141
141
757
757
757
757
757
450
450
450
450
450
771
771
771
771
771
174
174
174
174
174
778
778
778
778
778
701
701
701
701
701
938
938
938
938
938
42
42
42
42
42
608
608
608
608
608
259
259
259
259
259
754
754
754
754
754
287
287
287
287
287
508
508
508
508
508
120
120
120
120
120
256
256
256
256
256
275
275
275
275
275
405
405
405
405
405
283
283
283
283
283
515
515
515
515
515
906
906
906
906
906
893
893
893
893
893
399
399
399
399
399
305
305
305
305
305
666
666
666
666
666
24
24
24
24
24
222
222
222
222
222
543
543
543
543
543
830
830
830
830
830
602
602
602
602
602
544
544
544
544
544
582
582
582
582
582
868
868
868
868
868
288
288
288
288
288
574
574
574
574
574
355
355
355
355
355
949
949
949
949
949
929
929
929
929
929
646
646
646
646
646
402
402
402
402
402
478
478
478
478
478
908
908
908
908
908
537
537
537
537
537
973
973
973
973
973
143
143
143
143
143
66
66
66
66
66
346
346
346
346
346
664
664
664
664
664
447
447
447
447
447
932
932
932
932
932
546
546
546
546
546
866
866
866
866
866
454
454
454
454
454
576
576
576
576
576
57
57
57
57
57
390
390
390
390
390
600
600
600
600
600
270
270
270
270
270
940
940
940
940
940
374
374
374
374
374
482
482
482
482
482
318
318
318
318
318
604
604
604
604
604
298
298
298
298
298
367
367
367
367
367
594
594
594
594
594
706
706
706
706
706
469
469
469
469
469
752
752
752
752
752
44
44
44
44
44
474
474
474
474
474
218
218
218
218
218
681
681
681
681
681
624
624
624
624
624
470
470
470
470
470
726
726
726
726
726
735
735
735
735
735
978
978
978
978
978
490
490
490
490
490
48
48
48
48
48
653
653
653
653
653
897
897
897
897
897
380
380
380
380
380
9
9
9
9
9
468
468
468
468
468
827
827
827
827
827
130
130
130
130
130
284
284
284
284
284
736
736
736
736
736
72
72
72
72
72
238
238
238
238
238
451
451
451
451
451
187
187
187
187
187
224
224
224
224
224
291
291
291
291
291
22
22
22
22
22
898
898
898
898
898
635
635
635
635
635
979
979
979
979
979
536
536
536
536
536
159
159
159
159
159
15
15
15
15
15
2
2
2
2
2
330
330
330
330
330
425
425
425
425
425
975
975
975
975
975
271
271
271
271
271
314
314
314
314
314
83
83
83
83
83
201
201
201
201
201
501
501
501
501
501
412
412
412
412
412
875
875
875
875
875
67
67
67
67
67
643
643
643
643
643
542
542
542
542
542
852
852
852
852
852
971
971
971
971
971
194
194
194
194
194
151
151
151
151
151
313
313
313
313
313
446
446
446
446
446
127
127
127
127
127
106
106
106
106
106
94
94
94
94
94
422
422
422
422
422
51
51
51
51
51
863
863
863
863
863
650
650
650
650
650
833
833
833
833
833
691
691
691
691
691
667
667
667
667
667
741
741
741
741
741
309
309
309
309
309
420
420
420
420
420
403
403
403
403
403
785
785
785
785
785
814
814
814
814
814
196
196
196
196
196
523
523
523
523
523
619
619
619
619
619
110
110
110
110
110
773
773
773
773
773
102
102
102
102
102
895
895
895
895
895
952
952
952
952
952
609
609
609
609
609
774
774
774
774
774
847
847
847
847
847
910
910
910
910
910
922
922
922
922
922
485
485
485
485
485
242
242
242
242
242
306
306
306
306
306
550
550
550
550
550
111
111
111
111
111
740
740
740
740
740
239
239
239
239
239
35
35
35
35
35
77
77
77
77
77
712
712
712
712
712
983
983
983
983
983
655
655
655
655
655
418
418
418
418
418
216
216
216
216
216
480
480
480
480
480
644
644
644
644
644
713
713
713
713
713
65
65
65
65
65
251
251
251
251
251
857
857
857
857
857
137
137
137
137
137
951
951
951
951
951
38
38
38
38
38
104
104
104
104
104
637
637
637
637
637
382
382
382
382
382
892
892
892
892
892
699
699
699
699
699
805
805
805
805
805
588
588
588
588
588
203
203
203
203
203
184
184
184
184
184
969
969
969
969
969
750
750
750
750
750
68
68
68
68
68
123
123
123
123
123
669
669
669
669
669
831
831
831
831
831
606
606
606
606
606
811
811
811
811
811
532
532
532
532
532
217
217
217
217
217
525
525
525
525
525
139
139
139
139
139
514
514
514
514
514
503
503
503
503
503
329
329
329
329
329
366
366
366
366
366
991
991
991
991
991
812
812
812
812
812
838
838
838
838
838
685
685
685
685
685
997
997
997
997
997
823
823
823
823
823
698
698
698
698
698
961
961
961
961
961
112
112
112
112
112
848
848
848
848
848
729
729
729
729
729
788
788
788
788
788
327
327
327
327
327
708
708
708
708
708
896
896
896
896
896
250
250
250
250
250
25
25
25
25
25
876
876
876
876
876
840
840
840
840
840
641
641
641
641
641
479
479
479
479
479
339
339
339
339
339
457
457
457
457
457
392
392
392
392
392
132
132
132
132
132
509
509
509
509
509
563
563
563
563
563
296
296
296
296
296
248
248
248
248
248
948
948
948
948
948
488
488
488
488
488
342
342
342
342
342
87
87
87
87
87
281
281
281
281
281
928
928
928
928
928
825
825
825
825
825
770
770
770
770
770
84
84
84
84
84
13
13
13
13
13
343
343
343
343
343
766
766
766
766
766
276
276
276
276
276
909
909
909
909
909
977
977
977
977
977
556
556
556
556
556
487
487
487
487
487
144
144
144
144
144
430
430
430
430
430
441
441
441
441
441
784
784
784
784
784
652
652
652
652
652
721
721
721
721
721
304
304
304
304
304
92
92
92
92
92
164
164
164
164
164
850
850
850
850
850
179
179
179
179
179
109
109
109
109
109
834
834
834
834
834
300
300
300
300
300
947
947
947
947
947
513
513
513
513
513
769
769
769
769
769
0
0
0
0
0
466
466
466
466
466
672
672
672
672
672
554
554
554
554
554
880
880
880
880
880
456
456
456
456
456
803
803
803
803
803
907
907
907
907
907
988
988
988
988
988
856
856
856
856
856
631
631
631
631
631
364
364
364
364
364
363
363
363
363
363
745
745
745
745
745
289
289
289
289
289
724
724
724
724
724
775
775
775
775
775
913
913
913
913
913
982
982
982
982
982
559
559
559
559
559
549
549
549
549
549
918
918
918
918
918
571
571
571
571
571
996
996
996
996
996
753
753
753
753
753
967
967
967
967
967
225
225
225
225
225
809
809
809
809
809
617
617
617
617
617
210
210
210
210
210
99
99
99
99
99
344
344
344
344
344
53
53
53
53
53
656
656
656
656
656
734
734
734
734
734
150
150
150
150
150
56
56
56
56
56
705
705
705
705
705
161
161
161
161
161
70
70
70
70
70
981
981
981
981
981
622
622
622
622
622
429
429
429
429
429
100
100
100
100
100
119
119
119
119
119
597
597
597
597
597
716
716
716
716
716
338
338
338
338
338
659
659
659
659
659
972
972
972
972
972
612
612
612
612
612
519
519
519
519
519
183
183
183
183
183
10
10
10
10
10
583
583
583
583
583
577
577
577
577
577
372
372
372
372
372
108
108
108
108
108
417
417
417
417
417
999
999
999
999
999
149
149
149
149
149
204
204
204
204
204
557
557
557
557
557
587
587
587
587
587
323
323
323
323
323
682
682
682
682
682
31
31
31
31
31
384
384
384
384
384
391
391
391
391
391
240
240
240
240
240
505
505
505
505
505
264
264
264
264
264
499
499
499
499
499
704
704
704
704
704
175
175
175
175
175
356
356
356
356
356
993
993
993
993
993
381
381
381
381
381
332
332
332
332
332
312
312
312
312
312
197
197
197
197
197
498
498
498
498
498
794
794
794
794
794
427
427
427
427
427
899
899
899
899
899
229
229
229
229
229
658
658
658
658
658
489
489
489
489
489
267
267
267
267
267
115
115
115
115
115
760
760
760
760
760
522
522
522
522
522
243
243
243
243
243
593
593
593
593
593
739
739
739
739
739
591
591
591
591
591
458
458
458
458
458
180
180
180
180
180
407
407
407
407
407
738
738
738
738
738
103
103
103
103
103
883
883
883
883
883
265
265
265
265
265
423
423
423
423
423
968
968
968
968
968
768
768
768
768
768
269
269
269
269
269
136
136
136
136
136
387
387
387
387
387
555
555
555
555
555
388
388
388
388
388
790
790
790
790
790
861
861
861
861
861
273
273
273
273
273
905
905
905
905
905
921
921
921
921
921
262
262
262
262
262
319
319
319
319
319
63
63
63
63
63
903
903
903
903
903
749
749
749
749
749
836
836
836
836
836
945
945
945
945
945
419
419
419
419
419
486
486
486
486
486
620
620
620
620
620
393
393
393
393
393
124
124
124
124
124
359
359
359
359
359
970
970
970
970
970
352
352
352
352
352
720
720
720
720
720
406
406
406
406
406
62
62
62
62
62
645
645
645
645
645
540
540
540
540
540
146
146
146
146
146
82
82
82
82
82
473
473
473
473
473
939
939
939
939
939
902
902
902
902
902
886
886
886
886
886
533
533
533
533
533
621
621
621
621
621
452
452
452
452
452
76
76
76
76
76
140
140
140
140
140
560
560
560
560
560
976
976
976
976
976
744
744
744
744
744
497
497
497
497
497
90
90
90
90
90
709
709
709
709
709
581
581
581
581
581
58
58
58
58
58
69
69
69
69
69
231
231
231
231
231
663
663
663
663
663
86
86
86
86
86
670
670
670
670
670
114
114
114
114
114
147
147
147
147
147
578
578
578
578
578
953
953
953
953
953
96
96
96
96
96
901
901
901
901
901
732
732
732
732
732
802
802
802
802
802
385
385
385
385
385
779
779
779
779
779
960
960
960
960
960
516
516
516
516
516
168
168
168
168
168
723
723
723
723
723
801
801
801
801
801
962
962
962
962
962
245
245
245
245
245
570
570
570
570
570
632
632
632
632
632
232
232
232
232
232
660
660
660
660
660
580
580
580
580
580
671
671
671
671
671
755
755
755
755
755
398
398
398
398
398
995
995
995
995
995
730
730
730
730
730
460
460
460
460
460
697
697
697
697
697
859
859
859
859
859
920
920
920
920
920
20
20
20
20
20
433
433
433
433
433
409
409
409
409
409
690
690
690
690
690
965
965
965
965
965
877
877
877
877
877
263
263
263
263
263
193
193
193
193
193
675
675
675
675
675
121
121
121
121
121
97
97
97
97
97
244
244
244
244
244
340
340
340
340
340
964
964
964
964
964
683
683
683
683
683
923
923
923
923
923
444
444
444
444
444
677
677
677
677
677
254
254
254
254
254
763
763
763
763
763
647
647
647
647
647
678
678
678
678
678
815
815
815
815
815
743
743
743
743
743
221
221
221
221
221
302
302
302
302
302
475
475
475
475
475
719
719
719
719
719
39
39
39
39
39
386
386
386
386
386
613
613
613
613
613
211
211
211
211
211
395
395
395
395
395
295
295
295
295
295
930
930
930
930
930
748
748
748
748
748
236
236
236
236
236
165
165
165
165
165
529
529
529
529
529
88
88
88
88
88
192
192
192
192
192
152
152
152
152
152
804
804
804
804
804
781
781
781
781
781
274
274
274
274
274
335
335
335
335
335
47
47
47
47
47
575
575
575
575
575
595
595
595
595
595
702
702
702
702
702
642
642
642
642
642
215
215
215
215
215
974
974
974
974
974
158
158
158
158
158
927
927
927
927
927
34
34
34
34
34
598
598
598
598
598
191
191
191
191
191
365
365
365
365
365
351
351
351
351
351
820
820
820
820
820
668
668
668
668
668
253
253
253
253
253
324
324
324
324
324
308
308
308
308
308
605
605
605
605
605
46
46
46
46
46
325
325
325
325
325
572
572
572
572
572
689
689
689
689
689
502
502
502
502
502
292
292
292
292
292
869
869
869
869
869
431
431
431
431
431
725
725
725
725
725
337
337
337
337
337
477
477
477
477
477
607
607
607
607
607
98
98
98
98
98
569
569
569
569
569
176
176
176
176
176
282
282
282
282
282
623
623
623
623
623
461
461
461
461
461
731
731
731
731
731
257
257
257
257
257
538
538
538
538
538
153
153
153
153
153
163
163
163
163
163
80
80
80
80
80
199
199
199
199
199
828
828
828
828
828
455
455
455
455
455
293
293
293
293
293
464
464
464
464
464
687
687
687
687
687
213
213
213
213
213
649
649
649
649
649
694
694
694
694
694
610
610
610
610
610
177
177
177
177
177
842
842
842
842
842
873
873
873
873
873
89
89
89
89
89
200
200
200
200
200
426
426
426
426
426
894
894
894
894
894
884
884
884
884
884
32
32
32
32
32
807
807
807
807
807
358
358
358
358
358
530
530
530
530
530
808
808
808
808
808
919
919
919
919
919
792
792
792
792
792
616
616
616
616
616
695
695
695
695
695
28
28
28
28
28
615
615
615
615
615
416
416
416
416
416
601
601
601
601
601
178
178
178
178
178
674
674
674
674
674
864
864
864
864
864
528
528
528
528
528
946
946
946
946
946
73
73
73
73
73
453
453
453
453
453
510
510
510
510
510
