510
510
510
510
510
453
453
453
453
453
73
73
73
73
73
946
946
946
946
946
528
528
528
528
528
864
864
864
864
864
674
674
674
674
674
178
178
178
178
178
601
601
601
601
601
416
416
416
416
416
615
615
615
615
615
28
28
28
28
28
695
695
695
695
695
616
616
616
616
616
792
792
792
792
792
919
919
919
919
919
808
808
808
808
808
530
530
530
530
530
358
358
358
358
358
807
807
807
807
807
32
32
32
32
32
884
884
884
884
884
894
894
894
894
894
426
426
426
426
426
200
200
200
200
200
89
89
89
89
89
873
873
873
873
873
842
842
842
842
842
177
177
177
177
177
610
610
610
610
610
694
694
694
694
694
649
649
649
649
649
213
213
213
213
213
687
687
687
687
687
464
464
464
464
464
293
293
293
293
293
455
455
455
455
455
828
828
828
828
828
199
199
199
199
199
80
80
80
80
80
163
163
163
163
163
153
153
153
153
153
538
538
538
538
538
257
257
257
257
257
731
731
731
731
731
461
461
461
461
461
623
623
623
623
623
282
282
282
282
282
176
176
176
176
176
569
569
569
569
569
98
98
98
98
98
607
607
607
607
607
477
477
477
477
477
337
337
337
337
337
725
725
725
725
725
431
431
431
431
431
869
869
869
869
869
292
292
292
292
292
502
502
502
502
502
689
689
689
689
689
572
572
572
572
572
325
325
325
325
325
46
46
46
46
46
605
605
605
605
605
308
308
308
308
308
324
324
324
324
324
253
253
253
253
253
668
668
668
668
668
820
820
820
820
820
351
351
351
351
351
365
365
365
365
365
191
191
191
191
191
598
598
598
598
598
34
34
34
34
34
927
927
927
927
927
158
158
158
158
158
974
974
974
974
974
215
215
215
215
215
642
642
642
642
642
702
702
702
702
702
595
595
595
595
595
575
575
575
575
575
47
47
47
47
47
335
335
335
335
335
274
274
274
274
274
781
781
781
781
781
804
804
804
804
804
152
152
152
152
152
192
192
192
192
192
88
88
88
88
88
529
529
529
529
529
165
165
165
165
165
236
236
236
236
236
748
748
748
748
748
930
930
930
930
930
295
295
295
295
295
395
395
395
395
395
211
211
211
211
211
613
613
613
613
613
386
386
386
386
386
39
39
39
39
39
719
719
719
719
719
475
475
475
475
475
302
302
302
302
302
221
221
221
221
221
743
743
743
743
743
815
815
815
815
815
678
678
678
678
678
647
647
647
647
647
763
763
763
763
763
254
254
254
254
254
677
677
677
677
677
444
444
444
444
444
923
923
923
923
923
683
683
683
683
683
964
964
964
964
964
340
340
340
340
340
244
244
244
244
244
97
97
97
97
97
121
121
121
121
121
675
675
675
675
675
193
193
193
193
193
263
263
263
263
263
877
877
877
877
877
965
965
965
965
965
690
690
690
690
690
409
409
409
409
409
433
433
433
433
433
20
20
20
20
20
920
920
920
920
920
859
859
859
859
859
697
697
697
697
697
460
460
460
460
460
730
730
730
730
730
995
995
995
995
995
398
398
398
398
398
755
755
755
755
755
671
671
671
671
671
580
580
580
580
580
660
660
660
660
660
232
232
232
232
232
632
632
632
632
632
570
570
570
570
570
245
245
245
245
245
962
962
962
962
962
801
801
801
801
801
723
723
723
723
723
168
168
168
168
168
516
516
516
516
516
960
960
960
960
960
779
779
779
779
779
385
385
385
385
385
802
802
802
802
802
732
732
732
732
732
901
901
901
901
901
96
96
96
96
96
953
953
953
953
953
578
578
578
578
578
147
147
147
147
147
114
114
114
114
114
670
670
670
670
670
86
86
86
86
86
663
663
663
663
663
231
231
231
231
231
69
69
69
69
69
58
58
58
58
58
581
581
581
581
581
709
709
709
709
709
90
90
90
90
90
497
497
497
497
497
744
744
744
744
744
976
976
976
976
976
560
560
560
560
560
140
140
140
140
140
76
76
76
76
76
452
452
452
452
452
621
621
621
621
621
533
533
533
533
533
886
886
886
886
886
902
902
902
902
902
939
939
939
939
939
473
473
473
473
473
82
82
82
82
82
146
146
146
146
146
540
540
540
540
540
645
645
645
645
645
62
62
62
62
62
406
406
406
406
406
720
720
720
720
720
352
352
352
352
352
970
970
970
970
970
359
359
359
359
359
124
124
124
124
124
393
393
393
393
393
620
620
620
620
620
486
486
486
486
486
419
419
419
419
419
945
945
945
945
945
836
836
836
836
836
749
749
749
749
749
903
903
903
903
903
63
63
63
63
63
319
319
319
319
319
262
262
262
262
262
921
921
921
921
921
905
905
905
905
905
273
273
273
273
273
861
861
861
861
861
790
790
790
790
790
388
388
388
388
388
555
555
555
555
555
387
387
387
387
387
136
136
136
136
136
269
269
269
269
269
768
768
768
768
768
968
968
968
968
968
423
423
423
423
423
265
265
265
265
265
883
883
883
883
883
103
103
103
103
103
738
738
738
738
738
407
407
407
407
407
180
180
180
180
180
458
458
458
458
458
591
591
591
591
591
739
739
739
739
739
593
593
593
593
593
243
243
243
243
243
522
522
522
522
522
760
760
760
760
760
115
115
115
115
115
267
267
267
267
267
489
489
489
489
489
658
658
658
658
658
229
229
229
229
229
899
899
899
899
899
427
427
427
427
427
794
794
794
794
794
498
498
498
498
498
197
197
197
197
197
312
312
312
312
312
332
332
332
332
332
381
381
381
381
381
993
993
993
993
993
356
356
356
356
356
175
175
175
175
175
704
704
704
704
704
499
499
499
499
499
264
264
264
264
264
505
505
505
505
505
240
240
240
240
240
391
391
391
391
391
384
384
384
384
384
31
31
31
31
31
682
682
682
682
682
323
323
323
323
323
587
587
587
587
587
557
557
557
557
557
204
204
204
204
204
149
149
149
149
149
999
999
999
999
999
417
417
417
417
417
108
108
108
108
108
372
372
372
372
372
577
577
577
577
577
583
583
583
583
583
10
10
10
10
10
183
183
183
183
183
519
519
519
519
519
612
612
612
612
612
972
972
972
972
972
659
659
659
659
659
338
338
338
338
338
716
716
716
716
716
597
597
597
597
597
119
119
119
119
119
100
100
100
100
100
429
429
429
429
429
622
622
622
622
622
981
981
981
981
981
70
70
70
70
70
161
161
161
161
161
705
705
705
705
705
56
56
56
56
56
150
150
150
150
150
734
734
734
734
734
656
656
656
656
656
53
53
53
53
53
344
344
344
344
344
99
99
99
99
99
210
210
210
210
210
617
617
617
617
617
809
809
809
809
809
225
225
225
225
225
967
967
967
967
967
753
753
753
753
753
996
996
996
996
996
571
571
571
571
571
918
918
918
918
918
549
549
549
549
549
559
559
559
559
559
982
982
982
982
982
913
913
913
913
913
775
775
775
775
775
724
724
724
724
724
289
289
289
289
289
745
745
745
745
745
363
363
363
363
363
364
364
364
364
364
631
631
631
631
631
856
856
856
856
856
988
988
988
988
988
907
907
907
907
907
803
803
803
803
803
456
456
456
456
456
880
880
880
880
880
554
554
554
554
554
672
672
672
672
672
466
466
466
466
466
0
0
0
0
0
769
769
769
769
769
513
513
513
513
513
947
947
947
947
947
300
300
300
300
300
834
834
834
834
834
109
109
109
109
109
179
179
179
179
179
850
850
850
850
850
164
164
164
164
164
92
92
92
92
92
304
304
304
304
304
721
721
721
721
721
652
652
652
652
652
784
784
784
784
784
441
441
441
441
441
430
430
430
430
430
144
144
144
144
144
487
487
487
487
487
556
556
556
556
556
977
977
977
977
977
909
909
909
909
909
276
276
276
276
276
766
766
766
766
766
343
343
343
343
343
13
13
13
13
13
84
84
84
84
84
770
770
770
770
770
825
825
825
825
825
928
928
928
928
928
281
281
281
281
281
87
87
87
87
87
342
342
342
342
342
488
488
488
488
488
948
948
948
948
948
248
248
248
248
248
296
296
296
296
296
563
563
563
563
563
509
509
509
509
509
132
132
132
132
132
392
392
392
392
392
457
457
457
457
457
339
339
339
339
339
479
479
479
479
479
641
641
641
641
641
840
840
840
840
840
876
876
876
876
876
25
25
25
25
25
250
250
250
250
250
896
896
896
896
896
708
708
708
708
708
327
327
327
327
327
788
788
788
788
788
729
729
729
729
729
848
848
848
848
848
112
112
112
112
112
961
961
961
961
961
698
698
698
698
698
823
823
823
823
823
997
997
997
997
997
685
685
685
685
685
838
838
838
838
838
812
812
812
812
812
991
991
991
991
991
366
366
366
366
366
329
329
329
329
329
503
503
503
503
503
514
514
514
514
514
139
139
139
139
139
525
525
525
525
525
217
217
217
217
217
532
532
532
532
532
811
811
811
811
811
606
606
606
606
606
831
831
831
831
831
669
669
669
669
669
123
123
123
123
123
68
68
68
68
68
750
750
750
750
750
969
969
969
969
969
184
184
184
184
184
203
203
203
203
203
588
588
588
588
588
805
805
805
805
805
699
699
699
699
699
892
892
892
892
892
382
382
382
382
382
637
637
637
637
637
104
104
104
104
104
38
38
38
38
38
951
951
951
951
951
137
137
137
137
137
857
857
857
857
857
251
251
251
251
251
65
65
65
65
65
713
713
713
713
713
644
644
644
644
644
480
480
480
480
480
216
216
216
216
216
418
418
418
418
418
655
655
655
655
655
983
983
983
983
983
712
712
712
712
712
77
77
77
77
77
35
35
35
35
35
239
239
239
239
239
740
740
740
740
740
111
111
111
111
111
550
550
550
550
550
306
306
306
306
306
242
242
242
242
242
485
485
485
485
485
922
922
922
922
922
910
910
910
910
910
847
847
847
847
847
774
774
774
774
774
609
609
609
609
609
952
952
952
952
952
895
895
895
895
895
102
102
102
102
102
773
773
773
773
773
110
110
110
110
110
619
619
619
619
619
523
523
523
523
523
196
196
196
196
196
814
814
814
814
814
785
785
785
785
785
403
403
403
403
403
420
420
420
420
420
309
309
309
309
309
741
741
741
741
741
667
667
667
667
667
691
691
691
691
691
833
833
833
833
833
650
650
650
650
650
863
863
863
863
863
51
51
51
51
51
422
422
422
422
422
94
94
94
94
94
106
106
106
106
106
127
127
127
127
127
446
446
446
446
446
313
313
313
313
313
151
151
151
151
151
194
194
194
194
194
971
971
971
971
971
852
852
852
852
852
542
542
542
542
542
643
643
643
643
643
67
67
67
67
67
875
875
875
875
875
412
412
412
412
412
501
501
501
501
501
201
201
201
201
201
83
83
83
83
83
314
314
314
314
314
271
271
271
271
271
975
975
975
975
975
425
425
425
425
425
330
330
330
330
330
2
2
2
2
2
15
15
15
15
15
159
159
159
159
159
536
536
536
536
536
979
979
979
979
979
635
635
635
635
635
898
898
898
898
898
22
22
22
22
22
291
291
291
291
291
224
224
224
224
224
187
187
187
187
187
451
451
451
451
451
238
238
238
238
238
72
72
72
72
72
736
736
736
736
736
284
284
284
284
284
130
130
130
130
130
827
827
827
827
827
468
468
468
468
468
9
9
9
9
9
380
380
380
380
380
897
897
897
897
897
653
653
653
653
653
48
48
48
48
48
490
490
490
490
490
978
978
978
978
978
735
735
735
735
735
726
726
726
726
726
470
470
470
470
470
624
624
624
624
624
681
681
681
681
681
218
218
218
218
218
474
474
474
474
474
44
44
44
44
44
752
752
752
752
752
469
469
469
469
469
706
706
706
706
706
594
594
594
594
594
367
367
367
367
367
298
298
298
298
298
604
604
604
604
604
318
318
318
318
318
482
482
482
482
482
374
374
374
374
374
940
940
940
940
940
270
270
270
270
270
600
600
600
600
600
390
390
390
390
390
57
57
57
57
57
576
576
576
576
576
454
454
454
454
454
866
866
866
866
866
546
546
546
546
546
932
932
932
932
932
447
447
447
447
447
664
664
664
664
664
346
346
346
346
346
66
66
66
66
66
143
143
143
143
143
973
973
973
973
973
537
537
537
537
537
908
908
908
908
908
478
478
478
478
478
402
402
402
402
402
646
646
646
646
646
929
929
929
929
929
949
949
949
949
949
355
355
355
355
355
574
574
574
574
574
288
288
288
288
288
868
868
868
868
868
582
582
582
582
582
544
544
544
544
544
602
602
602
602
602
830
830
830
830
830
543
543
543
543
543
222
222
222
222
222
24
24
24
24
24
666
666
666
666
666
305
305
305
305
305
399
399
399
399
399
893
893
893
893
893
906
906
906
906
906
515
515
515
515
515
283
283
283
283
283
405
405
405
405
405
275
275
275
275
275
256
256
256
256
256
120
120
120
120
120
508
508
508
508
508
287
287
287
287
287
754
754
754
754
754
259
259
259
259
259
608
608
608
608
608
42
42
42
42
42
938
938
938
938
938
701
701
701
701
701
778
778
778
778
778
174
174
174
174
174
771
771
771
771
771
450
450
450
450
450
757
757
757
757
757
141
141
141
141
141
561
561
561
561
561
182
182
182
182
182
131
131
131
131
131
912
912
912
912
912
651
651
651
651
651
966
966
966
966
966
776
776
776
776
776
870
870
870
870
870
936
936
936
936
936
636
636
636
636
636
410
410
410
410
410
55
55
55
55
55
584
584
584
584
584
205
205
205
205
205
397
397
397
397
397
371
371
371
371
371
764
764
764
764
764
717
717
717
717
717
181
181
181
181
181
148
148
148
148
148
534
534
534
534
534
303
303
303
303
303
806
806
806
806
806
614
614
614
614
614
813
813
813
813
813
219
219
219
219
219
984
984
984
984
984
12
12
12
12
12
154
154
154
154
154
21
21
21
21
21
633
633
633
633
633
786
786
786
786
786
762
762
762
762
762
846
846
846
846
846
214
214
214
214
214
958
958
958
958
958
414
414
414
414
414
75
75
75
75
75
872
872
872
872
872
8
8
8
8
8
799
799
799
799
799
777
777
777
777
777
162
162
162
162
162
686
686
686
686
686
279
279
279
279
279
226
226
226
226
226
361
361
361
361
361
512
512
512
512
512
438
438
438
438
438
189
189
189
189
189
52
52
52
52
52
891
891
891
891
891
552
552
552
552
552
33
33
33
33
33
369
369
369
369
369
865
865
865
865
865
81
81
81
81
81
728
728
728
728
728
18
18
18
18
18
134
134
134
134
134
379
379
379
379
379
411
411
411
411
411
85
85
85
85
85
208
208
208
208
208
676
676
676
676
676
548
548
548
548
548
954
954
954
954
954
45
45
45
45
45
322
322
322
322
322
879
879
879
879
879
424
424
424
424
424
742
742
742
742
742
93
93
93
93
93
317
317
317
317
317
128
128
128
128
128
1
1
1
1
1
634
634
634
634
634
268
268
268
268
268
819
819
819
819
819
341
341
341
341
341
603
603
603
603
603
849
849
849
849
849
751
751
751
751
751
758
758
758
758
758
911
911
911
911
911
5
5
5
5
5
630
630
630
630
630
506
506
506
506
506
237
237
237
237
237
40
40
40
40
40
467
467
467
467
467
829
829
829
829
829
841
841
841
841
841
396
396
396
396
396
737
737
737
737
737
95
95
95
95
95
998
998
998
998
998
462
462
462
462
462
492
492
492
492
492
286
286
286
286
286
59
59
59
59
59
878
878
878
878
878
280
280
280
280
280
696
696
696
696
696
791
791
791
791
791
796
796
796
796
796
957
957
957
957
957
926
926
926
926
926
442
442
442
442
442
943
943
943
943
943
596
596
596
596
596
258
258
258
258
258
476
476
476
476
476
157
157
157
157
157
443
443
443
443
443
155
155
155
155
155
294
294
294
294
294
334
334
334
334
334
887
887
887
887
887
521
521
521
521
521
297
297
297
297
297
7
7
7
7
7
782
782
782
782
782
190
190
190
190
190
138
138
138
138
138
43
43
43
43
43
933
933
933
933
933
545
545
545
545
545
142
142
142
142
142
657
657
657
657
657
483
483
483
483
483
266
266
266
266
266
718
718
718
718
718
568
568
568
568
568
436
436
436
436
436
376
376
376
376
376
170
170
170
170
170
914
914
914
914
914
481
481
481
481
481
715
715
715
715
715
345
345
345
345
345
17
17
17
17
17
328
328
328
328
328
16
16
16
16
16
277
277
277
277
277
518
518
518
518
518
315
315
315
315
315
800
800
800
800
800
566
566
566
566
566
223
223
223
223
223
822
822
822
822
822
665
665
665
665
665
526
526
526
526
526
625
625
625
625
625
925
925
925
925
925
404
404
404
404
404
654
654
654
654
654
874
874
874
874
874
26
26
26
26
26
586
586
586
586
586
428
428
428
428
428
722
722
722
722
722
746
746
746
746
746
989
989
989
989
989
797
797
797
797
797
837
837
837
837
837
347
347
347
347
347
301
301
301
301
301
527
527
527
527
527
449
449
449
449
449
311
311
311
311
311
684
684
684
684
684
401
401
401
401
401
129
129
129
129
129
900
900
900
900
900
845
845
845
845
845
233
233
233
233
233
942
942
942
942
942
118
118
118
118
118
562
562
562
562
562
916
916
916
916
916
74
74
74
74
74
14
14
14
14
14
648
648
648
648
648
290
290
290
290
290
956
956
956
956
956
116
116
116
116
116
54
54
54
54
54
71
71
71
71
71
4
4
4
4
4
30
30
30
30
30
986
986
986
986
986
370
370
370
370
370
679
679
679
679
679
990
990
990
990
990
160
160
160
160
160
349
349
349
349
349
520
520
520
520
520
375
375
375
375
375
122
122
122
122
122
710
710
710
710
710
252
252
252
252
252
531
531
531
531
531
817
817
817
817
817
91
91
91
91
91
700
700
700
700
700
547
547
547
547
547
37
37
37
37
37
818
818
818
818
818
541
541
541
541
541
368
368
368
368
368
992
992
992
992
992
145
145
145
145
145
247
247
247
247
247
963
963
963
963
963
354
354
354
354
354
6
6
6
6
6
944
944
944
944
944
326
326
326
326
326
394
394
394
394
394
585
585
585
585
585
29
29
29
29
29
440
440
440
440
440
565
565
565
565
565
348
348
348
348
348
628
628
628
628
628
707
707
707
707
707
166
166
166
166
166
824
824
824
824
824
36
36
36
36
36
733
733
733
733
733
789
789
789
789
789
362
362
362
362
362
780
780
780
780
780
832
832
832
832
832
472
472
472
472
472
188
188
188
188
188
759
759
759
759
759
195
195
195
195
195
821
821
821
821
821
471
471
471
471
471
101
101
101
101
101
851
851
851
851
851
826
826
826
826
826
772
772
772
772
772
235
235
235
235
235
937
937
937
937
937
310
310
310
310
310
107
107
107
107
107
765
765
765
765
765
692
692
692
692
692
207
207
207
207
207
787
787
787
787
787
421
421
421
421
421
19
19
19
19
19
246
246
246
246
246
890
890
890
890
890
353
353
353
353
353
917
917
917
917
917
23
23
23
23
23
761
761
761
761
761
437
437
437
437
437
517
517
517
517
517
611
611
611
611
611
639
639
639
639
639
661
661
661
661
661
889
889
889
889
889
413
413
413
413
413
950
950
950
950
950
333
333
333
333
333
853
853
853
853
853
783
783
783
783
783
589
589
589
589
589
955
955
955
955
955
793
793
793
793
793
567
567
567
567
567
985
985
985
985
985
357
357
357
357
357
747
747
747
747
747
507
507
507
507
507
484
484
484
484
484
186
186
186
186
186
673
673
673
673
673
445
445
445
445
445
844
844
844
844
844
590
590
590
590
590
212
212
212
212
212
432
432
432
432
432
703
703
703
703
703
331
331
331
331
331
680
680
680
680
680
249
249
249
249
249
727
727
727
727
727
496
496
496
496
496
378
378
378
378
378
629
629
629
629
629
220
220
220
220
220
198
198
198
198
198
504
504
504
504
504
463
463
463
463
463
934
934
934
934
934
888
888
888
888
888
941
941
941
941
941
79
79
79
79
79
272
272
272
272
272
553
553
553
553
553
135
135
135
135
135
493
493
493
493
493
156
156
156
156
156
714
714
714
714
714
383
383
383
383
383
640
640
640
640
640
255
255
255
255
255
924
924
924
924
924
599
599
599
599
599
627
627
627
627
627
434
434
434
434
434
172
172
172
172
172
377
377
377
377
377
113
113
113
113
113
915
915
915
915
915
230
230
230
230
230
389
389
389
389
389
439
439
439
439
439
408
408
408
408
408
171
171
171
171
171
307
307
307
307
307
798
798
798
798
798
693
693
693
693
693
117
117
117
117
117
882
882
882
882
882
495
495
495
495
495
524
524
524
524
524
228
228
228
228
228
854
854
854
854
854
260
260
260
260
260
435
435
435
435
435
579
579
579
579
579
535
535
535
535
535
448
448
448
448
448
564
564
564
564
564
662
662
662
662
662
105
105
105
105
105
491
491
491
491
491
935
935
935
935
935
206
206
206
206
206
169
169
169
169
169
278
278
278
278
278
862
862
862
862
862
626
626
626
626
626
60
60
60
60
60
867
867
867
867
867
931
931
931
931
931
494
494
494
494
494
360
360
360
360
360
459
459
459
459
459
638
638
638
638
638
871
871
871
871
871
500
500
500
500
500
320
320
320
320
320
711
711
711
711
711
202
202
202
202
202
61
61
61
61
61
285
285
285
285
285
125
125
125
125
125
551
551
551
551
551
350
350
350
350
350
592
592
592
592
592
209
209
209
209
209
27
27
27
27
27
173
173
173
173
173
511
511
511
511
511
234
234
234
234
234
64
64
64
64
64
987
987
987
987
987
855
855
855
855
855
539
539
539
539
539
227
227
227
227
227
756
756
756
756
756
49
49
49
49
49
415
415
415
415
415
558
558
558
558
558
810
810
810
810
810
959
959
959
959
959
795
795
795
795
795
885
885
885
885
885
400
400
400
400
400
185
185
185
185
185
688
688
688
688
688
835
835
835
835
835
573
573
573
573
573
133
133
133
133
133
321
321
321
321
321
881
881
881
881
881
904
904
904
904
904
316
316
316
316
316
618
618
618
618
618
3
3
3
3
3
78
78
78
78
78
839
839
839
839
839
980
980
980
980
980
767
767
767
767
767
41
41
41
41
41
860
860
860
860
860
11
11
11
11
11
465
465
465
465
465
261
261
261
261
261
843
843
843
843
843
50
50
50
50
50
299
299
299
299
299
126
126
126
126
126
994
994
994
994
994
241
241
241
241
241
816
816
816
816
816
373
373
373
373
373
858
858
858
858
858
167
167
167
167
